Index,C Log P,Mol Wt,ROTB,Molecular Volume,Predicted_Output_supervisedModel,Prediction_ANNModel
1.0,3.48,302.95,0.0,167.67,1.0,1.0
2.0,4.02,396.95,0.0,179.88,1.0,1.0
3.0,3.64,480.65,7.0,468.58,1.0,1.0
4.0,0.88,199.3,2.0,209.62,1.0,1.0
5.0,6.56,399.97,9.0,382.66,1.0,1.0
6.0,-0.96,86.14,0.0,93.81,1.0,1.0
7.0,2.35,201.25,1.0,166.83,1.0,1.0
8.0,-5.97,585.61,10.0,509.98,1.0,1.0
9.0,-1.35,365.41,4.0,306.89,1.0,1.0
10.0,-0.87,349.41,4.0,298.87,1.0,1.0
11.0,2.01,413.48,5.0,354.35,1.0,1.0
12.0,-0.52,516.56,6.0,435.88,1.0,1.0
13.0,-0.82,383.43,5.0,302.55,1.0,1.0
14.0,2.73,749.0,7.0,736.45,1.0,1.0
15.0,2.9,747.96,8.0,726.81,1.0,1.0
16.0,2.06,424.99,7.0,384.72,1.0,1.0
17.0,2.28,733.94,7.0,709.28,1.0,1.0
18.0,-4.54,1440.73,48.0,1329.99,1.0,1.0
19.0,0.56,333.39,4.0,284.81,1.0,1.0
20.0,-1.7,367.81,4.0,290.17,1.0,1.0
21.0,-1.97,363.39,4.0,301.21,1.0,1.0
22.0,-1.49,347.4,4.0,293.19,1.0,1.0
23.0,-4.24,453.51,7.0,340.77,1.0,1.0
24.0,2.79,620.74,12.0,509.03,1.0,1.0
25.0,-3.75,644.67,9.0,517.46,1.0,1.0
26.0,-4.57,573.62,9.0,419.58,1.0,1.0
27.0,-3.58,454.47,8.0,353.75,1.0,1.0
28.0,-4.33,553.58,8.0,419.49,1.0,1.0
29.0,-0.98,424.39,8.0,334.95,1.0,1.0
30.0,0.06,510.48,12.0,413.83,1.0,1.0
31.0,0.73,323.13,6.0,249.16,1.0,1.0
32.0,-0.7,331.35,3.0,285.46,1.0,1.0
33.0,1.63,392.41,3.0,334.85,1.0,1.0
34.0,-0.3,404.35,3.0,321.9,1.0,1.0
35.0,-0.2,464.86,2.0,374.74,1.0,1.0
36.0,-0.43,444.44,2.0,377.79,1.0,1.0
37.0,0.22,457.48,3.0,399.06,1.0,1.0
38.0,-1.16,460.44,2.0,385.48,1.0,1.0
39.0,-0.24,444.44,2.0,377.44,1.0,1.0
40.0,-0.04,375.4,4.0,327.59,1.0,1.0
41.0,-0.26,361.37,2.0,311.15,1.0,1.0
42.0,0.39,401.44,4.0,350.62,1.0,1.0
43.0,-0.69,319.34,3.0,279.23,1.0,1.0
44.0,-0.26,361.37,2.0,311.15,1.0,1.0
45.0,-6.04,615.63,9.0,530.7,1.0,1.0
46.0,-5.7,484.5,6.0,420.15,1.0,1.0
47.0,0.92,337.35,4.0,295.4,1.0,1.0
48.0,0.81,232.24,2.0,205.16,1.0,1.0
49.0,-6.11,614.65,9.0,533.97,1.0,1.0
50.0,-0.05,238.16,3.0,181.32,1.0,1.0
51.0,-5.62,1203.5,29.0,1145.11,1.0,1.0
52.0,-2.64,213.24,2.0,171.86,1.0,1.0
53.0,-0.04,250.28,3.0,202.26,1.0,1.0
54.0,0.99,267.31,3.0,221.11,1.0,1.0
55.0,0.99,290.32,5.0,263.15,1.0,1.0
56.0,0.21,270.34,3.0,209.53,1.0,1.0
57.0,-0.29,172.21,1.0,138.05,1.0,1.0
58.0,3.9,398.4,6.0,320.66,1.0,1.0
59.0,0.83,255.32,3.0,197.13,1.0,1.0
60.0,3.7,812.02,11.0,772.32,1.0,1.0
61.0,-5.7,467.52,6.0,415.38,1.0,1.0
62.0,0.99,290.32,5.0,263.15,1.0,1.0
63.0,-2.49,924.09,3.0,865.48,1.0,1.0
64.0,1.57,352.77,3.0,293.6,1.0,1.0
65.0,1.49,349.32,5.0,285.11,1.0,1.0
66.0,8.43,473.41,4.0,408.74,1.0,1.0
67.0,0.93,248.31,2.0,209.46,1.0,1.0
68.0,5.0,319.88,8.0,313.12,1.0,1.0
69.0,4.0,335.88,9.0,321.38,1.0,1.0
70.0,4.24,378.32,4.0,296.92,1.0,1.0
71.0,3.06,324.42,4.0,310.79,1.0,1.0
72.0,-0.47,171.16,3.0,146.77,1.0,1.0
73.0,-0.62,1291.25,16.0,951.76,1.0,1.0
74.0,-3.8,273.1,4.0,188.97,1.0,1.0
75.0,-1.9,102.09,0.0,87.08,1.0,1.0
76.0,0.35,204.31,9.0,221.06,1.0,1.0
77.0,1.46,166.25,2.0,152.4,1.0,1.0
78.0,-0.97,137.14,1.0,122.56,1.0,1.0
79.0,4.61,847.02,5.0,786.81,1.0,1.0
80.0,2.62,822.95,5.0,755.91,1.0,1.0
81.0,1.1,236.3,4.0,206.8,1.0,1.0
82.0,0.62,171.24,3.0,174.2,1.0,1.0
83.0,2.04,256.1,1.0,192.63,1.0,1.0
84.0,0.66,159.23,5.0,168.11,1.0,1.0
85.0,-0.39,129.16,4.0,129.09,1.0,1.0
86.0,1.32,135.21,2.0,145.52,1.0,1.0
87.0,2.97,305.46,7.0,322.67,1.0,1.0
88.0,2.1,191.27,1.0,195.35,1.0,1.0
89.0,2.63,240.35,5.0,247.63,1.0,1.0
90.0,3.88,239.36,5.0,251.79,1.0,1.0
91.0,2.29,308.77,1.0,263.23,1.0,1.0
92.0,2.77,315.72,2.0,252.93,1.0,1.0
93.0,3.73,299.76,1.0,258.83,1.0,1.0
94.0,-0.99,313.72,2.0,253.88,1.0,1.0
95.0,2.74,284.75,1.0,246.54,1.0,1.0
96.0,3.64,387.89,6.0,348.02,1.0,1.0
97.0,2.47,321.16,1.0,251.17,1.0,1.0
98.0,3.07,325.77,1.0,272.32,1.0,1.0
99.0,1.84,286.72,1.0,237.64,1.0,1.0
100.0,2.08,300.75,1.0,254.58,1.0,1.0
101.0,2.92,343.22,1.0,276.77,1.0,1.0
102.0,1.33,218.25,8.0,207.98,1.0,1.0
103.0,4.18,260.33,9.0,259.05,1.0,1.0
104.0,2.8,144.21,5.0,156.79,1.0,1.0
105.0,0.09,143.21,5.0,154.05,1.0,1.0
106.0,2.8,144.21,5.0,156.79,1.0,1.0
107.0,1.34,203.24,1.0,190.38,1.0,1.0
108.0,0.36,141.17,1.0,135.39,1.0,1.0
109.0,2.18,252.27,2.0,223.89,1.0,1.0
110.0,0.16,339.37,3.0,276.58,1.0,1.0
111.0,0.72,212.23,2.0,164.97,1.0,1.0
112.0,4.19,277.41,3.0,285.14,1.0,1.0
113.0,4.82,314.86,4.0,300.85,1.0,1.0
114.0,3.85,279.38,3.0,277.32,1.0,1.0
115.0,4.64,294.44,4.0,303.9,1.0,1.0
116.0,3.65,313.79,1.0,271.94,1.0,1.0
117.0,3.92,266.39,4.0,270.37,1.0,1.0
118.0,4.16,280.42,4.0,287.31,1.0,1.0
119.0,3.94,263.38,3.0,268.2,1.0,1.0
120.0,4.69,297.42,6.0,278.54,1.0,1.0
121.0,4.03,255.36,6.0,260.39,1.0,1.0
122.0,3.81,277.41,5.0,286.81,1.0,1.0
123.0,3.42,239.75,4.0,228.54,1.0,1.0
124.0,2.84,236.27,0.0,215.08,1.0,1.0
125.0,2.48,252.27,0.0,223.45,1.0,1.0
126.0,3.17,324.4,5.0,305.0,1.0,1.0
127.0,3.17,324.4,5.0,305.0,1.0,1.0
128.0,4.53,309.33,7.0,275.13,1.0,1.0
129.0,2.53,318.34,10.0,285.23,1.0,1.0
130.0,4.05,329.37,4.0,295.72,1.0,1.0
131.0,3.98,306.24,2.0,267.9,1.0,1.0
132.0,0.45,136.2,3.0,141.34,1.0,1.0
133.0,1.43,133.19,1.0,134.95,1.0,1.0
134.0,1.23,231.25,4.0,210.01,1.0,1.0
135.0,4.01,277.41,4.0,280.07,1.0,1.0
136.0,2.28,233.31,4.0,231.0,1.0,1.0
137.0,3.02,371.87,5.0,330.88,1.0,1.0
138.0,4.72,307.48,12.0,329.25,1.0,1.0
139.0,5.08,448.39,7.0,394.8,1.0,1.0
140.0,4.51,437.53,7.0,380.78,1.0,1.0
141.0,4.29,403.98,6.0,363.02,1.0,1.0
142.0,4.92,373.95,4.0,337.96,1.0,1.0
143.0,4.44,284.43,3.0,271.62,1.0,1.0
144.0,5.06,399.63,6.0,375.91,1.0,1.0
145.0,5.03,318.87,4.0,285.37,1.0,1.0
146.0,5.68,370.59,4.0,346.35,1.0,1.0
147.0,4.14,326.83,1.0,292.3,1.0,1.0
148.0,4.25,327.81,1.0,288.88,1.0,1.0
149.0,3.47,312.44,1.0,286.04,1.0,1.0
150.0,3.4,379.44,6.0,342.87,1.0,1.0
151.0,4.3,375.87,6.0,336.98,1.0,1.0
152.0,5.62,461.56,7.0,423.26,1.0,1.0
153.0,3.49,383.52,6.0,352.14,1.0,1.0
154.0,2.96,410.49,4.0,374.49,1.0,1.0
155.0,3.96,443.64,5.0,399.59,1.0,1.0
156.0,4.88,411.59,11.0,421.3,1.0,1.0
157.0,4.01,362.47,3.0,344.56,1.0,1.0
158.0,4.86,357.49,8.0,361.79,1.0,1.0
159.0,6.69,314.47,4.0,323.99,1.0,1.0
160.0,0.55,211.26,5.0,205.57,1.0,1.0
161.0,8.41,500.8,10.0,485.91,1.0,1.0
162.0,2.66,323.44,3.0,313.85,1.0,1.0
163.0,4.82,243.39,2.0,259.67,1.0,1.0
164.0,1.78,226.28,4.0,216.97,1.0,1.0
165.0,-1.93,211.24,3.0,197.32,1.0,1.0
166.0,1.55,224.26,4.0,211.34,1.0,1.0
167.0,-1.38,261.3,3.0,247.57,1.0,1.0
168.0,1.59,246.27,2.0,221.77,1.0,1.0
169.0,-1.37,225.27,4.0,214.12,1.0,1.0
170.0,0.8,232.24,2.0,204.82,1.0,1.0
171.0,0.92,218.26,2.0,202.64,1.0,1.0
172.0,-0.67,237.28,5.0,225.29,1.0,1.0
173.0,0.87,165.4,1.0,102.61,1.0,1.0
174.0,1.09,162.24,1.0,165.62,1.0,1.0
175.0,-3.13,135.11,0.0,105.83,1.0,1.0
176.0,1.1,399.44,5.0,364.15,1.0,1.0
177.0,-2.25,363.36,9.0,303.99,1.0,1.0
178.0,3.61,381.38,4.0,298.65,1.0,1.0
179.0,3.64,287.36,4.0,271.8,1.0,1.0
180.0,1.18,241.27,4.0,222.08,1.0,1.0
181.0,4.05,244.26,3.0,220.77,1.0,1.0
182.0,3.46,206.28,4.0,211.19,1.0,1.0
183.0,3.99,357.79,4.0,303.24,1.0,1.0
184.0,3.59,254.28,4.0,234.83,1.0,1.0
185.0,0.66,229.25,3.0,211.23,1.0,1.0
186.0,2.06,331.35,2.0,268.05,1.0,1.0
187.0,0.68,151.16,1.0,140.01,1.0,1.0
188.0,1.43,180.16,3.0,155.57,1.0,1.0
189.0,1.41,299.37,1.0,274.21,1.0,1.0
190.0,4.98,339.48,9.0,346.19,1.0,1.0
191.0,1.35,341.41,2.0,304.53,1.0,1.0
192.0,1.61,369.42,4.0,329.7,1.0,1.0
193.0,3.79,336.48,6.0,340.16,1.0,1.0
194.0,1.42,285.34,0.0,257.0,1.0,1.0
195.0,0.48,301.34,0.0,264.7,1.0,1.0
196.0,2.65,247.34,4.0,247.59,1.0,1.0
197.0,4.25,309.45,7.0,320.4,1.0,1.0
198.0,1.1,285.34,0.0,256.68,1.0,1.0
199.0,4.59,285.43,2.0,294.19,1.0,1.0
200.0,4.55,273.38,6.0,274.35,1.0,1.0
201.0,-1.49,360.47,8.0,347.61,1.0,1.0
202.0,1.05,303.36,5.0,277.2,1.0,1.0
203.0,-2.93,318.39,5.0,297.2,1.0,1.0
204.0,-5.6,290.4,11.0,301.19,1.0,1.0
205.0,2.96,237.73,2.0,218.4,1.0,1.0
206.0,3.7,178.28,2.0,191.96,1.0,1.0
207.0,3.34,288.44,5.0,301.5,1.0,1.0
208.0,2.23,270.76,7.0,249.95,1.0,1.0
209.0,2.13,234.34,5.0,244.86,1.0,1.0
210.0,1.91,246.35,2.0,251.09,1.0,1.0
211.0,2.51,220.32,5.0,227.95,1.0,1.0
212.0,1.97,236.31,7.0,236.41,1.0,1.0
213.0,0.14,252.35,7.0,231.45,1.0,1.0
214.0,0.33,314.41,10.0,288.97,1.0,1.0
215.0,1.15,345.09,0.0,143.71,1.0,1.0
216.0,2.54,299.8,7.0,278.91,1.0,1.0
217.0,2.37,293.37,2.0,274.52,1.0,1.0
218.0,2.63,557.64,12.0,511.06,1.0,1.0
219.0,1.42,410.46,8.0,374.66,1.0,1.0
220.0,4.34,404.55,7.0,400.57,1.0,1.0
221.0,3.91,421.47,8.0,377.52,1.0,1.0
222.0,-0.56,423.53,11.0,407.18,1.0,1.0
223.0,-0.6,480.54,10.0,414.33,1.0,1.0
224.0,4.76,418.57,7.0,416.81,1.0,1.0
225.0,1.77,289.38,5.0,279.01,1.0,1.0
226.0,1.78,275.35,4.0,262.21,1.0,1.0
227.0,2.1,255.37,1.0,255.32,1.0,1.0
228.0,0.79,368.5,7.0,364.67,1.0,1.0
229.0,0.91,238.33,9.0,203.71,1.0,1.0
230.0,-4.01,161.22,4.0,167.98,1.0,1.0
231.0,-4.14,147.2,4.0,151.4,1.0,1.0
232.0,1.36,325.41,3.0,304.95,1.0,1.0
233.0,2.08,581.67,4.0,516.6,1.0,1.0
234.0,1.9,339.44,4.0,321.75,1.0,1.0
235.0,3.34,414.53,7.0,377.75,1.0,1.0
236.0,3.07,346.34,6.0,302.78,1.0,1.0
237.0,2.58,408.88,10.0,363.9,1.0,1.0
238.0,4.55,454.61,13.0,454.3,1.0,1.0
239.0,4.25,414.35,9.0,332.0,1.0,1.0
240.0,0.99,235.33,6.0,239.83,1.0,1.0
241.0,2.19,227.09,8.0,160.02,1.0,1.0
242.0,8.31,645.32,11.0,437.04,1.0,1.0
243.0,1.12,780.95,7.0,720.14,1.0,1.0
244.0,2.78,339.48,8.0,344.36,1.0,1.0
245.0,-3.2,160.24,4.0,173.26,1.0,1.0
246.0,2.97,259.35,6.0,257.82,1.0,1.0
247.0,2.07,265.35,9.0,267.35,1.0,1.0
248.0,0.72,266.34,8.0,260.9,1.0,1.0
249.0,3.56,406.48,10.0,376.39,1.0,1.0
250.0,2.85,328.41,8.0,314.78,1.0,1.0
251.0,1.97,267.37,9.0,272.98,1.0,1.0
252.0,1.15,309.41,6.0,302.52,1.0,1.0
253.0,1.98,248.33,6.0,242.81,1.0,1.0
254.0,2.25,336.43,10.0,330.92,1.0,1.0
255.0,2.08,451.48,4.0,395.19,1.0,1.0
256.0,2.91,495.54,14.0,441.96,1.0,1.0
257.0,2.58,408.52,11.0,371.25,1.0,1.0
258.0,1.31,387.44,4.0,348.39,1.0,1.0
259.0,1.48,389.46,8.0,358.62,1.0,1.0
260.0,-1.09,217.29,3.0,195.65,1.0,1.0
261.0,0.51,376.45,10.0,356.76,1.0,1.0
262.0,2.61,230.1,2.0,181.94,1.0,1.0
263.0,1.84,230.68,0.0,170.39,1.0,1.0
264.0,0.99,198.31,3.0,211.63,1.0,1.0
265.0,0.69,160.18,1.0,143.41,1.0,1.0
266.0,1.91,383.41,4.0,336.0,1.0,1.0
267.0,5.01,608.69,10.0,549.89,1.0,1.0
268.0,1.35,239.31,5.0,237.12,1.0,1.0
269.0,-1.47,332.46,6.0,332.39,1.0,1.0
270.0,0.02,295.73,1.0,196.55,1.0,1.0
271.0,-0.06,297.75,1.0,202.5,1.0,1.0
272.0,2.46,365.84,3.0,295.23,1.0,1.0
273.0,0.78,360.24,2.0,249.8,1.0,1.0
274.0,2.77,365.84,2.0,294.99,1.0,1.0
275.0,1.77,330.75,5.0,249.48,1.0,1.0
276.0,4.36,303.83,8.0,291.35,1.0,1.0
277.0,1.24,165.24,3.0,171.24,1.0,1.0
278.0,-0.06,183.21,3.0,170.69,1.0,1.0
279.0,-1.04,169.18,2.0,153.01,1.0,1.0
280.0,0.41,167.21,3.0,162.67,1.0,1.0
281.0,4.49,521.05,8.0,473.3,1.0,1.0
282.0,4.18,504.6,8.0,464.7,1.0,1.0
283.0,3.19,430.54,4.0,403.0,1.0,1.0
284.0,2.14,402.49,4.0,373.71,1.0,1.0
285.0,2.06,392.47,2.0,358.07,1.0,1.0
286.0,2.31,422.49,4.0,384.18,1.0,1.0
287.0,2.38,376.47,1.0,349.81,1.0,1.0
288.0,4.61,500.58,6.0,431.38,1.0,1.0
289.0,1.62,362.47,2.0,343.06,1.0,1.0
290.0,2.07,374.48,2.0,353.46,1.0,1.0
291.0,1.59,360.45,2.0,336.88,1.0,1.0
292.0,1.41,358.43,2.0,331.01,1.0,1.0
293.0,4.09,370.53,2.0,370.55,1.0,1.0
294.0,2.56,434.5,2.0,390.25,1.0,1.0
295.0,4.25,337.46,0.0,326.51,1.0,1.0
296.0,4.0,372.55,2.0,376.72,1.0,1.0
297.0,-2.06,1209.42,32.0,1111.03,1.0,1.0
298.0,2.51,474.59,7.0,419.47,1.0,1.0
299.0,2.36,389.41,1.0,334.03,1.0,1.0
300.0,2.56,488.61,8.0,436.27,1.0,1.0
301.0,4.04,386.53,3.0,379.86,1.0,1.0
302.0,3.43,272.39,0.0,268.74,1.0,1.0
303.0,3.56,312.45,1.0,314.04,1.0,1.0
304.0,6.53,405.97,9.0,389.91,1.0,1.0
305.0,3.09,775.86,5.0,337.59,1.0,1.0
306.0,0.05,157.21,2.0,157.75,1.0,1.0
307.0,-0.02,307.32,4.0,274.44,1.0,1.0
308.0,2.46,324.4,4.0,284.8,1.0,1.0
309.0,2.21,276.75,4.0,222.96,1.0,1.0
310.0,3.81,490.63,7.0,445.9,1.0,1.0
311.0,2.31,445.55,7.0,393.9,1.0,1.0
312.0,4.77,494.01,8.0,424.74,1.0,1.0
313.0,1.35,311.41,3.0,278.58,1.0,1.0
314.0,2.54,270.35,5.0,242.79,1.0,1.0
315.0,-1.26,129.17,2.0,126.68,1.0,1.0
316.0,3.07,356.45,7.0,318.53,1.0,1.0
317.0,2.35,357.44,7.0,314.51,1.0,1.0
318.0,-2.06,166.24,2.0,174.76,1.0,1.0
319.0,-3.93,181.22,2.0,173.55,1.0,1.0
320.0,3.44,319.25,5.0,265.52,1.0,1.0
321.0,3.06,260.77,5.0,244.23,1.0,1.0
322.0,3.31,274.8,5.0,261.17,1.0,1.0
323.0,3.47,278.4,4.0,281.23,1.0,1.0
324.0,3.01,290.79,6.0,270.15,1.0,1.0
325.0,4.67,343.9,6.0,330.38,1.0,1.0
326.0,3.5,255.36,6.0,260.77,1.0,1.0
327.0,2.16,270.38,6.0,272.86,1.0,1.0
328.0,3.32,388.89,8.0,354.14,1.0,1.0
329.0,3.53,310.83,0.0,283.78,1.0,1.0
330.0,4.86,501.67,10.0,489.24,1.0,1.0
331.0,4.58,382.89,2.0,345.49,1.0,1.0
332.0,2.57,255.37,6.0,260.39,1.0,1.0
333.0,5.07,287.41,1.0,285.15,1.0,1.0
334.0,2.65,151.25,0.0,159.2,1.0,1.0
335.0,2.77,179.31,0.0,191.67,1.0,1.0
336.0,4.27,307.44,4.0,306.62,1.0,1.0
337.0,4.43,311.47,5.0,317.94,1.0,1.0
338.0,4.33,287.45,5.0,301.31,1.0,1.0
339.0,4.83,301.47,5.0,318.12,1.0,1.0
340.0,-2.2,197.19,3.0,172.0,1.0,1.0
341.0,2.64,187.29,4.0,202.64,1.0,1.0
342.0,-2.85,137.16,1.0,130.96,1.0,1.0
343.0,-0.78,313.25,4.0,249.88,1.0,1.0
344.0,3.9,269.39,6.0,277.33,1.0,1.0
345.0,2.91,441.23,6.0,319.36,1.0,1.0
346.0,4.22,531.32,4.0,371.29,1.0,1.0
347.0,4.12,615.4,5.0,445.89,1.0,1.0
348.0,-6.2,1415.58,36.0,1204.71,1.0,1.0
349.0,0.78,1255.44,8.0,1143.41,1.0,1.0
350.0,0.25,729.79,13.0,601.23,1.0,1.0
351.0,0.57,543.52,5.0,459.18,1.0,1.0
352.0,3.71,296.55,9.0,263.63,1.0,1.0
353.0,-5.26,248.09,5.0,184.87,1.0,1.0
354.0,-4.98,204.01,2.0,137.0,1.0,1.0
355.0,-3.61,318.22,9.0,269.89,1.0,1.0
356.0,-5.38,233.05,4.0,165.33,1.0,1.0
357.0,-4.83,282.11,4.0,207.23,1.0,1.0
358.0,-3.12,272.09,4.0,195.34,1.0,1.0
359.0,4.34,373.37,4.0,318.36,1.0,1.0
360.0,-1.31,560.69,23.0,541.85,1.0,1.0
361.0,2.28,216.19,1.0,179.69,1.0,1.0
362.0,-1.9,149.22,2.0,135.04,1.0,1.0
363.0,1.0,613.91,3.0,278.91,1.0,1.0
364.0,6.78,1139.76,9.0,483.37,1.0,1.0
365.0,-2.38,777.09,10.0,424.87,1.0,1.0
366.0,-2.26,777.09,10.0,424.51,1.0,1.0
367.0,-2.24,791.12,11.0,442.39,1.0,1.0
368.0,0.98,613.91,3.0,278.91,1.0,1.0
369.0,0.5,277.27,3.0,211.19,1.0,1.0
370.0,3.61,1202.63,15.0,1203.12,1.0,1.0
371.0,4.26,804.03,7.0,778.9,1.0,1.0
372.0,5.57,326.44,6.0,329.06,1.0,1.0
373.0,5.8,300.44,5.0,315.59,1.0,1.0
374.0,6.06,371.52,8.0,376.13,1.0,1.0
375.0,1.07,189.22,3.0,156.5,1.0,1.0
376.0,1.22,286.34,4.0,256.07,1.0,1.0
377.0,-0.95,236.23,2.0,199.28,1.0,1.0
378.0,-0.67,247.25,2.0,192.01,1.0,1.0
379.0,-1.09,229.26,2.0,187.07,1.0,1.0
380.0,-0.54,224.22,2.0,192.96,1.0,1.0
381.0,-0.1,267.25,3.0,224.06,1.0,1.0
382.0,-4.59,122.98,1.0,75.79,1.0,1.0
383.0,7.51,720.96,18.0,663.1,1.0,1.0
384.0,2.64,541.58,24.0,506.62,1.0,1.0
385.0,7.69,718.81,12.0,648.18,1.0,1.0
386.0,2.44,302.42,5.0,300.49,1.0,1.0
387.0,3.67,466.96,7.0,413.68,1.0,1.0
388.0,3.26,337.42,5.0,321.13,1.0,1.0
389.0,1.64,245.11,1.0,193.23,1.0,1.0
390.0,2.84,307.43,11.0,312.81,1.0,1.0
391.0,2.58,291.39,6.0,288.61,1.0,1.0
392.0,1.11,316.43,7.0,290.6,1.0,1.0
393.0,3.16,415.57,12.0,418.59,1.0,1.0
394.0,4.48,432.6,14.0,437.94,1.0,1.0
395.0,4.62,452.54,13.0,425.46,1.0,1.0
396.0,4.21,500.55,14.0,455.24,1.0,1.0
397.0,1.86,292.14,2.0,208.44,1.0,1.0
398.0,-0.18,324.45,3.0,250.85,1.0,1.0
399.0,0.34,383.52,7.0,306.19,1.0,1.0
400.0,1.96,292.38,6.0,284.21,1.0,1.0
401.0,2.49,309.41,8.0,308.04,1.0,1.0
402.0,4.33,453.54,8.0,420.89,1.0,1.0
403.0,0.13,1449.27,13.0,1207.3,1.0,1.0
404.0,-1.61,225.21,4.0,187.75,1.0,1.0
405.0,-2.7,279.19,6.0,224.14,1.0,1.0
406.0,-0.85,267.25,2.0,218.53,1.0,1.0
407.0,-0.99,296.2,3.0,221.93,1.0,1.0
408.0,-0.8,354.1,2.0,214.62,1.0,1.0
409.0,-1.15,222.25,2.0,157.11,1.0,1.0
410.0,-0.15,236.28,1.0,174.05,1.0,1.0
411.0,2.85,210.28,2.0,203.26,1.0,1.0
412.0,2.26,200.28,1.0,198.86,1.0,1.0
413.0,-3.56,146.21,4.0,156.67,1.0,1.0
414.0,-3.09,256.33,8.0,243.31,1.0,1.0
415.0,-0.24,208.26,3.0,199.56,1.0,1.0
416.0,2.47,291.39,7.0,289.24,1.0,1.0
417.0,1.58,284.36,6.0,274.88,1.0,1.0
418.0,0.84,151.21,2.0,153.54,1.0,1.0
419.0,-1.23,381.83,4.0,193.35,1.0,1.0
420.0,-0.87,334.33,4.0,280.5,1.0,1.0
421.0,2.87,303.36,5.0,281.92,1.0,1.0
422.0,3.8,308.42,11.0,312.37,1.0,1.0
423.0,1.97,236.31,7.0,236.41,1.0,1.0
424.0,3.43,264.37,9.0,270.89,1.0,1.0
425.0,0.3,333.16,4.0,244.67,1.0,1.0
426.0,1.85,295.14,4.0,235.99,1.0,1.0
427.0,2.2,255.27,3.0,226.39,1.0,1.0
428.0,1.41,615.49,7.0,490.83,1.0,1.0
429.0,-5.81,776.65,12.0,632.39,1.0,1.0
430.0,-2.8,122.1,1.0,104.15,1.0,1.0
431.0,0.27,123.11,1.0,106.89,1.0,1.0
432.0,-0.48,122.13,1.0,110.16,1.0,1.0
433.0,0.04,109.13,1.0,104.71,1.0,1.0
434.0,9.29,564.85,10.0,596.33,1.0,1.0
435.0,2.46,270.24,1.0,224.05,1.0,1.0
436.0,3.48,242.27,4.0,231.77,1.0,1.0
437.0,5.92,286.46,5.0,313.41,1.0,1.0
438.0,1.16,384.25,9.0,381.19,1.0,1.0
439.0,3.44,451.62,8.0,442.37,1.0,1.0
440.0,3.6,654.61,5.0,546.41,1.0,1.0
441.0,-0.43,246.31,7.0,193.8,1.0,1.0
442.0,1.88,359.35,7.0,311.36,1.0,1.0
443.0,-0.45,144.13,2.0,122.7,1.0,1.0
444.0,1.67,214.05,5.0,165.91,1.0,1.0
445.0,2.79,393.44,10.0,362.06,1.0,1.0
446.0,4.08,499.62,10.0,470.39,1.0,1.0
447.0,4.19,446.91,8.0,385.07,1.0,1.0
448.0,-1.76,265.98,0.0,73.26,1.0,1.0
449.0,4.01,450.35,5.0,375.18,1.0,1.0
450.0,0.76,261.09,5.0,209.0,1.0,1.0
451.0,-1.93,243.22,2.0,201.84,1.0,1.0
452.0,4.72,519.57,6.0,412.62,1.0,1.0
453.0,5.56,489.93,7.0,388.06,1.0,1.0
454.0,3.13,488.02,7.0,419.1,1.0,1.0
455.0,3.89,493.62,7.0,461.44,1.0,1.0
456.0,4.99,529.53,7.0,446.63,1.0,1.0
457.0,4.95,853.92,14.0,756.6,1.0,1.0
458.0,4.24,807.89,13.0,723.85,1.0,1.0
459.0,0.7,588.56,5.0,493.51,1.0,1.0
460.0,-1.04,365.21,4.0,268.81,1.0,1.0
461.0,-0.59,130.08,0.0,96.91,1.0,1.0
462.0,-1.6,263.2,2.0,203.36,1.0,1.0
463.0,2.66,240.31,2.0,227.12,1.0,1.0
464.0,-0.79,259.26,1.0,223.02,1.0,1.0
465.0,0.08,305.2,8.0,263.03,1.0,1.0
466.0,-3.08,452.43,9.0,381.88,1.0,1.0
467.0,0.36,444.49,12.0,398.67,1.0,1.0
468.0,2.46,317.22,3.0,240.61,1.0,1.0
469.0,-2.02,112.18,0.0,119.83,1.0,1.0
470.0,3.27,437.53,5.0,377.9,1.0,1.0
471.0,4.76,464.83,6.0,368.26,1.0,1.0
472.0,1.95,398.48,7.0,370.95,1.0,1.0
473.0,-2.64,425.4,9.0,359.47,1.0,1.0
474.0,6.22,473.59,7.0,425.12,1.0,1.0
475.0,6.06,371.52,8.0,376.13,1.0,1.0
476.0,1.07,189.22,3.0,156.5,1.0,1.0
477.0,0.79,493.49,3.0,414.7,1.0,1.0
478.0,5.56,810.99,10.0,744.65,1.0,1.0
479.0,4.95,824.97,10.0,747.07,1.0,1.0
480.0,-3.46,249.1,5.0,187.62,1.0,1.0
481.0,4.63,375.56,6.0,344.0,1.0,1.0
482.0,-0.62,287.22,5.0,232.58,1.0,1.0
483.0,4.72,519.57,6.0,412.62,1.0,1.0
484.0,4.16,280.42,4.0,287.31,1.0,1.0
485.0,3.27,263.38,4.0,269.29,1.0,1.0
486.0,3.75,282.3,2.0,249.5,1.0,1.0
487.0,4.98,475.36,6.0,380.22,1.0,1.0
488.0,6.06,405.97,9.0,389.91,1.0,1.0
489.0,4.06,417.82,6.0,334.21,1.0,1.0
490.0,4.77,540.02,10.0,448.1,1.0,1.0
491.0,4.24,532.57,5.0,464.59,1.0,1.0
492.0,4.06,446.56,9.0,420.14,1.0,1.0
493.0,2.99,487.51,6.0,420.04,1.0,1.0
494.0,6.17,558.15,9.0,499.36,1.0,1.0
495.0,5.06,584.11,8.0,528.37,1.0,1.0
496.0,1.73,406.42,0.0,350.22,1.0,1.0
497.0,4.99,529.53,7.0,446.63,1.0,1.0
498.0,3.5,440.51,5.0,396.71,1.0,1.0
499.0,2.26,465.52,4.0,413.29,1.0,1.0
500.0,-2.08,268.27,2.0,229.99,1.0,1.0
501.0,6.0,320.05,3.0,243.25,1.0,1.0
502.0,3.92,295.43,7.0,303.81,1.0,1.0
503.0,0.8,232.24,2.0,204.82,1.0,1.0
504.0,-1.31,146.14,0.0,125.87,1.0,1.0
505.0,4.87,422.92,8.0,374.12,1.0,1.0
506.0,0.92,337.35,4.0,295.4,1.0,1.0
507.0,3.66,296.41,0.0,290.67,1.0,1.0
508.0,4.35,776.87,5.0,340.33,1.0,1.0
509.0,2.92,427.37,2.0,372.19,1.0,1.0
510.0,2.73,314.37,3.0,263.55,1.0,1.0
511.0,2.73,314.37,3.0,263.55,1.0,1.0
512.0,0.28,163.15,0.0,136.94,1.0,1.0
513.0,6.56,354.49,8.0,363.39,1.0,1.0
